MeshCount = 1
TextureCount = 1
BoneCount: 4
AnimationCount: 0
VertexCount = 478
IndexCount = 894
Position: -6.033122 0.000000 -3.839077
Normal: -0.004414 -0.000000 -0.999990
TextCoord: 0.267761 0.670524
Position: 0.275588 0.000000 -3.770597
Normal: 0.031642 -0.000000 -0.999499
TextCoord: 0.489329 0.670523
Position: 0.275588 -2.558314 -3.770597
Normal: 0.032160 0.000000 -0.999483
TextCoord: 0.489328 0.580678
Position: -6.033122 -2.014010 -3.839076
Normal: -0.003031 -0.000000 -0.999995
TextCoord: 0.267761 0.599794
Position: -5.106566 -0.952319 0.818048
Normal: -0.248584 0.000000 0.968610
TextCoord: 0.043861 0.738500
Position: -1.839530 -1.360466 1.656501
Normal: -0.134329 0.000000 0.990937
TextCoord: 0.162391 0.752178
Position: -1.839530 0.000000 1.656501
Normal: -0.139716 0.000000 0.990192
TextCoord: 0.162127 0.704401
Position: -5.106566 0.000000 0.818048
Normal: -0.248584 0.000000 0.968610
TextCoord: 0.043676 0.705060
Position: 12.562081 0.000000 -1.747521
Normal: 1.000000 0.000000 0.000000
TextCoord: 0.819348 0.784301
Position: 12.562081 0.000000 -0.183119
Normal: 1.000000 0.000000 0.000000
TextCoord: 0.874288 0.784301
Position: 12.562081 -1.167202 -0.183119
Normal: 1.000000 0.000000 0.000000
TextCoord: 0.874288 0.743395
Position: 12.562081 -1.233954 -1.747521
Normal: 1.000000 0.000000 0.000000
TextCoord: 0.819348 0.741051
Position: -12.564297 -0.486141 -3.486510
Normal: -1.000000 0.000000 0.000000
TextCoord: 0.844315 0.918976
Position: -12.564297 -0.614129 -1.804955
Normal: -1.000000 0.000000 0.000000
TextCoord: 0.785260 0.914481
Position: -12.564297 0.000000 -1.804955
Normal: -1.000000 0.000000 0.000000
TextCoord: 0.785260 0.935973
Position: -12.564297 0.000000 -3.486510
Normal: -1.000000 0.000000 0.000000
TextCoord: 0.844315 0.935972
Position: 7.731125 0.000000 -3.379274
Normal: 0.149470 -0.000000 -0.988766
TextCoord: 0.751292 0.670522
Position: 13.275743 0.000000 -1.977521
Normal: 0.245102 -0.000000 -0.969497
TextCoord: 0.952139 0.670519
Position: 13.275743 -1.398984 -1.977521
Normal: 0.245102 0.000000 -0.969497
TextCoord: 0.952138 0.621389
Position: 7.731126 -2.483237 -3.379275
Normal: 0.143020 0.000000 -0.989720
TextCoord: 0.751291 0.583313
Position: -13.275743 -0.627871 -3.696510
Normal: -0.019681 0.000000 -0.999806
TextCoord: 0.013478 0.648474
Position: -13.275743 0.000000 -3.696510
Normal: -0.019681 0.000000 -0.999806
TextCoord: 0.013478 0.670524
Position: 2.234969 -1.475999 1.775231
Normal: 0.016748 0.000000 0.999860
TextCoord: 0.305564 0.755444
Position: 6.148832 -1.421545 1.531463
Normal: 0.062163 0.000000 0.998066
TextCoord: 0.443267 0.752771
Position: 6.148832 0.000000 1.531463
Normal: 0.062163 0.000000 0.998066
TextCoord: 0.442992 0.702849
Position: 2.234969 0.000000 1.775231
Normal: 0.016535 0.000000 0.999863
TextCoord: 0.305277 0.703610
Position: 7.298934 -14.006199 -1.845914
Normal: 0.408035 -0.910349 -0.069074
TextCoord: 0.504990 0.694171
Position: 10.664050 -12.506036 -1.824949
Normal: 0.408035 -0.910349 -0.069074
TextCoord: 0.634246 0.688242
Position: 10.700467 -12.503831 -1.552525
Normal: 0.408035 -0.910349 -0.069074
TextCoord: 0.635061 0.678626
Position: 7.358538 -14.008297 -1.552525
Normal: 0.408035 -0.910349 -0.069074
TextCoord: 0.506453 0.683771
Position: -13.275743 -1.155147 -2.389414
Normal: -0.188258 -0.891295 -0.412495
TextCoord: 0.016213 0.533118
Position: -13.275743 -0.627871 -3.696510
Normal: -0.188258 -0.891295 -0.412495
TextCoord: 0.016437 0.582556
Position: -6.033122 -2.014010 -3.839076
Normal: -0.167160 -0.885006 -0.434537
TextCoord: 0.275029 0.567920
Position: -6.033123 -3.251953 -1.331990
Normal: -0.170430 -0.901733 -0.397280
TextCoord: 0.275975 0.469760
Position: 0.275588 -2.558314 -3.770597
Normal: -0.037708 -0.695314 -0.717716
TextCoord: 0.496987 0.561031
Position: 7.731126 -2.483237 -3.379275
Normal: 0.181684 -0.570340 -0.801063
TextCoord: 0.758987 0.571316
Position: 7.638769 -3.514489 -2.677413
Normal: 0.182575 -0.570237 -0.800935
TextCoord: 0.758401 0.527396
Position: 0.266887 -3.580699 -3.011220
Normal: -0.045944 -0.705666 -0.707054
TextCoord: 0.499469 0.516382
Position: 13.275743 -1.398984 -1.977521
Normal: 0.303452 -0.551509 -0.777016
TextCoord: 0.962828 0.586745
Position: 9.199059 -3.654738 -1.974489
Normal: 0.303452 -0.551510 -0.777016
TextCoord: 0.816896 0.512743
Position: 13.275743 -1.806294 -1.402844
Normal: 0.398196 -0.872217 0.284038
TextCoord: 0.967351 0.563288
Position: 13.275743 -1.334191 0.046881
Normal: 0.346076 -0.846885 0.403753
TextCoord: 0.996402 0.518310
Position: 9.199059 -3.654738 -1.363854
Normal: 0.205234 -0.733523 0.647938
TextCoord: 0.826049 0.494401
Position: 7.731125 -2.573840 0.106582
Normal: 0.174325 -0.702258 0.690249
TextCoord: 0.827450 0.412162
Position: 8.028095 -3.499235 -0.830521
Normal: 0.174325 -0.702258 0.690249
TextCoord: 0.805205 0.453988
Position: 0.700115 -2.648917 0.106582
Normal: -0.503225 -0.146603 0.851629
TextCoord: 0.297138 0.455997
Position: -1.447532 -2.475305 -0.846262
Normal: -0.503225 -0.146603 0.851629
TextCoord: 0.379118 0.448823
Position: -1.420124 -3.855021 -1.353885
Normal: -0.503225 -0.146603 0.851629
TextCoord: 0.378493 0.397703
Position: 0.700115 -4.312102 0.106582
Normal: -0.503225 -0.146603 0.851629
TextCoord: 0.286467 0.398646
Position: -1.420124 -3.855021 -1.774429
Normal: -0.136580 -0.854212 -0.501665
TextCoord: 0.439901 0.475768
Position: -1.420124 -3.855021 -1.353885
Normal: -0.155837 -0.909790 -0.384703
TextCoord: 0.438799 0.462360
Position: 0.266887 -3.580699 -3.011220
Normal: -0.045944 -0.705666 -0.707054
TextCoord: 0.499379 0.518015
Position: -1.420124 -3.855021 -1.774429
Normal: -0.136580 -0.854212 -0.501665
TextCoord: 0.439585 0.475946
Position: 0.266887 -3.580699 -3.011220
Normal: -0.258102 -0.157808 -0.953142
TextCoord: 0.794338 0.355595
Position: 7.638769 -3.514489 -2.677413
Normal: 0.188593 -0.030223 -0.981590
TextCoord: 0.679892 0.123066
Position: 10.664050 -12.506036 -1.824949
Normal: 0.080540 -0.068065 -0.994425
TextCoord: 0.348617 0.169471
Position: 7.298934 -14.006199 -1.845914
Normal: 0.004823 -0.107136 -0.994233
TextCoord: 0.354474 0.298731
Position: 9.199059 -3.654738 -1.974489
Normal: 0.414139 0.053193 -0.908658
TextCoord: 0.648206 0.071762
Position: 9.199059 -3.654738 -1.974489
Normal: 0.985400 0.165233 -0.041050
TextCoord: 0.947278 0.724442
Position: 9.199059 -3.654738 -1.363854
Normal: 0.985400 0.165233 -0.041050
TextCoord: 0.949387 0.703120
Position: 10.700467 -12.503831 -1.552525
Normal: 0.985400 0.165233 -0.041050
TextCoord: 0.635057 0.678664
Position: 10.664050 -12.506036 -1.824949
Normal: 0.985400 0.165233 -0.041050
TextCoord: 0.634246 0.688242
Position: 9.199059 -3.654738 -1.363854
Normal: 0.351481 -0.041144 0.935290
TextCoord: 0.362484 0.374162
Position: 7.780818 -7.146370 -0.984478
Normal: 0.161041 -0.031043 0.986459
TextCoord: 0.291451 0.261696
Position: 10.700467 -12.503831 -1.552525
Normal: 0.067795 -0.066074 0.995509
TextCoord: 0.077396 0.239528
Position: -1.420124 -3.855021 -1.353885
Normal: -0.214906 -0.006384 0.976614
TextCoord: 0.569177 0.056714
Position: -1.282535 -5.991936 -1.337576
Normal: -0.150698 -0.082802 0.985106
TextCoord: 0.503753 0.019629
Position: 0.344312 -4.280034 -0.968395
Normal: -0.152483 -0.067726 0.985983
TextCoord: 0.521928 0.101583
Position: -1.420124 -3.855021 -1.353885
Normal: -0.997988 -0.060173 0.019979
TextCoord: 0.017250 0.680634
Position: -1.420124 -3.855021 -1.774429
Normal: -0.997988 -0.060173 0.019979
TextCoord: 0.017041 0.695399
Position: -1.299820 -5.991327 -1.778640
Normal: -0.997988 -0.060173 0.019979
TextCoord: 0.092174 0.696617
Position: -1.282535 -5.991936 -1.337576
Normal: -0.997988 -0.060173 0.019979
TextCoord: 0.092451 0.681126
Position: -1.420124 -3.855021 -1.774429
Normal: -0.587625 -0.031498 -0.808520
TextCoord: 0.810277 0.427951
Position: -1.299820 -5.991327 -1.778640
Normal: -0.376467 -0.215970 -0.900905
TextCoord: 0.738504 0.450203
Position: -6.033123 -3.251953 -1.331990
Normal: -0.130107 -0.488261 0.862945
TextCoord: 0.540394 0.418696
Position: -6.033123 -2.104613 -0.838647
Normal: -0.147712 -0.509680 0.847589
TextCoord: 0.540164 0.461722
Position: -13.275743 -0.741557 -1.594954
Normal: -0.241247 -0.617596 0.748582
TextCoord: 0.797043 0.501257
Position: -13.275743 -1.155147 -2.389414
Normal: -0.241247 -0.617596 0.748582
TextCoord: 0.802183 0.472604
Position: 9.199059 -3.654738 -1.363854
Normal: 0.428598 -0.854455 -0.293618
TextCoord: 0.826049 0.494401
Position: 9.199059 -3.654738 -1.974489
Normal: 0.428598 -0.854455 -0.293618
TextCoord: 0.817003 0.512798
Position: 13.275743 -1.398984 -1.977521
Normal: 0.428598 -0.854455 -0.293618
TextCoord: 0.962828 0.586745
Position: 13.275743 -1.806294 -1.402844
Normal: 0.428598 -0.854455 -0.293617
TextCoord: 0.967238 0.563233
Position: 0.700115 -2.648917 0.106582
Normal: -0.079973 -0.838555 0.538916
TextCoord: 0.256175 0.830174
Position: 7.731125 -2.573840 0.106582
Normal: 0.022839 -0.798994 0.600905
TextCoord: 0.502528 0.813598
Position: 6.148832 -1.421545 1.531463
Normal: 0.022839 -0.798994 0.600905
TextCoord: 0.443222 0.752772
Position: 2.234969 -1.475999 1.775231
Normal: 0.004124 -0.799539 0.600600
TextCoord: 0.305564 0.755444
Position: -6.033123 -2.104613 -0.838647
Normal: -0.137108 -0.862240 0.487589
TextCoord: 0.008942 0.831945
Position: -1.447532 -2.475305 -0.846262
Normal: -0.185901 -0.884337 0.428239
TextCoord: 0.169232 0.848982
Position: -1.839530 -1.360466 1.656501
Normal: -0.141854 -0.863855 0.483355
TextCoord: 0.163071 0.752602
Position: -5.106566 -0.952319 0.818048
Normal: -0.137108 -0.862240 0.487589
TextCoord: 0.044767 0.763554
Position: -1.839530 -1.360466 1.656501
Normal: -0.141854 -0.863855 0.483355
TextCoord: 0.163131 0.752067
Position: -13.275743 0.000000 -1.594954
Normal: -0.115205 0.000000 0.993342
TextCoord: 0.876061 0.398615
Position: -13.275743 -0.741557 -1.594954
Normal: -0.112433 0.006263 0.993639
TextCoord: 0.901844 0.394949
Position: -11.543103 -0.797141 -1.394008
Normal: -0.094120 0.047336 0.994435
TextCoord: 0.895154 0.334028
Position: -11.543105 0.000000 -1.394008
Normal: -0.115205 0.000000 0.993342
TextCoord: 0.867499 0.337961
Position: -6.033123 -2.104613 -0.838647
Normal: -0.083194 0.071596 0.993958
TextCoord: 0.913239 0.135039
Position: -6.053520 -1.765950 -0.916671
Normal: -0.083194 0.071596 0.993958
TextCoord: 0.901609 0.137730
Position: -6.033123 -2.104613 -0.838647
Normal: -0.882044 0.023235 0.470594
TextCoord: 0.913239 0.135039
Position: -5.106566 -0.952319 0.818048
Normal: -0.877511 0.011619 0.479416
TextCoord: 0.872751 0.068390
Position: -5.267648 -0.766600 0.530033
Normal: -0.877511 0.011619 0.479416
TextCoord: 0.866236 0.079977
Position: -6.053520 -1.765950 -0.916671
Normal: -0.882044 0.023235 0.470594
TextCoord: 0.901333 0.137793
Position: -5.106566 0.000000 0.818048
Normal: -0.872774 0.000000 0.488125
TextCoord: 0.839311 0.068390
Position: -5.267648 0.000000 0.530033
Normal: -0.872774 0.000000 0.488125
TextCoord: 0.839383 0.079977
Position: -5.267648 -0.766600 0.530033
Normal: -0.293130 -0.000000 0.956073
TextCoord: 0.842103 0.102473
Position: -5.267648 0.000000 0.530033
Normal: -0.293130 0.000000 0.956073
TextCoord: 0.815242 0.102474
Position: -11.543105 0.000000 -1.394008
Normal: -0.293130 0.000000 0.956073
TextCoord: 0.815249 0.332987
Position: -11.543103 -0.797141 -1.394008
Normal: -0.293130 -0.000000 0.956073
TextCoord: 0.843182 0.332986
Position: -6.053520 -1.765950 -0.916671
Normal: -0.188036 -0.757374 0.625321
TextCoord: 0.895750 0.143665
Position: -5.267648 -0.766600 0.530033
Normal: -0.188036 -0.757374 0.625321
TextCoord: 0.842103 0.102473
Position: -11.543103 -0.797141 -1.394008
Normal: -0.188036 -0.757374 0.625321
TextCoord: 0.843182 0.332986
Position: 6.148832 -1.421545 1.531463
Normal: 0.675053 0.010654 0.737692
TextCoord: 0.020646 0.936904
Position: 7.731125 -2.573840 0.106582
Normal: 0.364965 0.011252 0.930953
TextCoord: 0.095647 0.976957
Position: 7.763833 -2.231076 0.053271
Normal: 0.365111 0.011256 0.930896
TextCoord: 0.097687 0.964908
Position: 6.394056 -1.224906 1.310635
Normal: 0.675053 0.010654 0.737692
TextCoord: 0.032197 0.929935
Position: 13.275743 -1.334191 0.046881
Normal: 0.022431 -0.000029 0.999748
TextCoord: 0.293008 0.947619
Position: 11.024238 -1.411877 0.102939
Normal: 0.009359 -0.000183 0.999956
TextCoord: 0.213946 0.944621
Position: 7.763833 -2.231076 0.053271
Normal: 0.365111 0.011256 0.930896
TextCoord: 0.097666 0.965035
Position: 13.275743 0.000000 0.046881
Normal: 0.024890 0.000000 0.999690
TextCoord: 0.296397 0.900887
Position: 11.024237 0.000000 0.102939
Normal: 0.024890 0.000000 0.999690
TextCoord: 0.217532 0.895167
Position: 11.024238 -1.411877 0.102939
Normal: 0.252387 0.000000 0.967626
TextCoord: 0.209413 0.914627
Position: 11.024237 0.000000 0.102939
Normal: 0.252387 0.000000 0.967626
TextCoord: 0.209139 0.865045
Position: 6.394056 0.000000 1.310635
Normal: 0.252387 0.000000 0.967626
TextCoord: 0.041095 0.865975
Position: 6.394056 -1.224906 1.310635
Normal: 0.252387 0.000000 0.967626
TextCoord: 0.041333 0.908991
Position: 7.763833 -2.231076 0.053271
Normal: 0.159592 -0.678640 0.716923
TextCoord: 0.098818 0.955980
Position: 11.024238 -1.411877 0.102939
Normal: 0.159592 -0.678640 0.716923
TextCoord: 0.209413 0.914627
Position: 6.394056 -1.224906 1.310635
Normal: 0.159592 -0.678640 0.716923
TextCoord: 0.041333 0.908991
Position: 4.230867 -8.339779 -0.984478
Normal: -0.078634 -0.138402 0.987250
TextCoord: 0.327434 0.135189
Position: 7.358538 -14.008297 -1.552525
Normal: 0.005226 -0.099280 0.995046
TextCoord: 0.100291 0.112873
Position: 8.204540 -3.353170 3.839077
Normal: 0.000000 0.000000 1.000000
TextCoord: 0.715080 0.840924
Position: 5.303385 -3.366359 3.839077
Normal: 0.000000 0.000000 1.000000
TextCoord: 0.613211 0.842764
Position: 5.303385 -3.532772 3.839077
Normal: 0.000000 0.000000 1.000000
TextCoord: 0.613290 0.848608
Position: 8.204540 -3.519584 3.839077
Normal: 0.000000 0.000000 1.000000
TextCoord: 0.715159 0.846767
Position: 7.731125 -4.237025 0.106582
Normal: 0.009011 -0.082598 0.996542
TextCoord: 0.044252 0.444516
Position: 0.700115 -4.312102 0.106582
Normal: 0.006258 -0.057363 0.998334
TextCoord: 0.286467 0.398646
Position: 4.213028 -7.893034 -0.448139
Normal: 0.018231 -0.167112 0.985769
TextCoord: 0.142927 0.295090
Position: 7.663424 -6.824677 -0.448139
Normal: 0.018231 -0.167112 0.985769
TextCoord: 0.030096 0.352976
Position: 0.344312 -4.280034 -0.968395
Normal: -0.670283 -0.672556 0.313672
TextCoord: 0.308793 0.365960
Position: 4.230867 -8.339779 -0.984478
Normal: -0.670283 -0.672556 0.313672
TextCoord: 0.135562 0.271909
Position: 4.213028 -7.893034 -0.448139
Normal: -0.670283 -0.672556 0.313672
TextCoord: 0.142927 0.295090
Position: 0.700115 -4.312102 0.106582
Normal: -0.670283 -0.672556 0.313672
TextCoord: 0.286467 0.398646
Position: 7.731125 -2.573840 0.106582
Normal: 0.953277 0.000000 0.302096
TextCoord: 0.019556 0.497215
Position: 7.731125 -4.237025 0.106582
Normal: 0.962404 -0.052918 0.266419
TextCoord: 0.044252 0.444516
Position: 8.028095 -3.499235 -0.830521
Normal: 0.959139 -0.031209 0.281207
TextCoord: 0.002002 0.453171
Position: 7.663424 -6.824677 -0.448139
Normal: 0.965254 -0.077142 0.249666
TextCoord: 0.030096 0.352976
Position: 7.780818 -7.146370 -0.984478
Normal: 0.965254 -0.077142 0.249666
TextCoord: 0.019344 0.333415
Position: 7.731125 -2.573840 0.106582
Normal: 0.000000 0.000000 1.000000
TextCoord: 0.054573 0.502246
Position: 0.700115 -2.648917 0.106582
Normal: 0.000000 0.000000 1.000000
TextCoord: 0.297138 0.455997
Position: 1.027032 -3.054809 0.106582
Normal: 0.000000 0.000000 1.000000
TextCoord: 0.283318 0.443997
Position: 6.979681 -2.987990 0.106582
Normal: 0.000000 0.000000 1.000000
TextCoord: 0.077976 0.483265
Position: 1.027032 -3.897953 0.106582
Normal: 0.000000 0.000000 1.000000
TextCoord: 0.278083 0.414853
Position: 6.979681 -3.831133 0.106582
Normal: 0.000000 0.000000 1.000000
TextCoord: 0.072741 0.454121
Position: 6.979681 -2.987990 0.106582
Normal: -0.008994 0.995258 0.096852
TextCoord: 0.669752 0.709995
Position: 1.027032 -3.054809 0.106582
Normal: -0.008994 0.995258 0.096852
TextCoord: 0.460726 0.713908
Position: 5.303385 -3.366359 3.839077
Normal: -0.008994 0.995258 0.096852
TextCoord: 0.613211 0.842764
Position: 8.204540 -3.353170 3.839077
Normal: -0.008994 0.995258 0.096852
TextCoord: 0.715080 0.840924
Position: 1.027032 -3.054809 0.106582
Normal: -0.657575 0.000000 0.753389
TextCoord: 0.413741 0.834520
Position: 1.027032 -3.897953 0.106582
Normal: -0.657575 0.000000 0.753389
TextCoord: 0.414142 0.864127
Position: 5.303385 -3.532772 3.839077
Normal: -0.657575 0.000000 0.753389
TextCoord: 0.613290 0.848608
Position: 5.303385 -3.366359 3.839077
Normal: -0.657575 0.000000 0.753389
TextCoord: 0.613211 0.842764
Position: 1.027032 -3.897953 0.106582
Normal: 0.009004 -0.996451 0.083697
TextCoord: 0.465452 0.982938
Position: 6.979681 -3.831133 0.106582
Normal: 0.009004 -0.996451 0.083697
TextCoord: 0.674478 0.979044
Position: 8.204540 -3.519584 3.839077
Normal: 0.009004 -0.996451 0.083697
TextCoord: 0.715159 0.846767
Position: 5.303385 -3.532772 3.839077
Normal: 0.009004 -0.996451 0.083697
TextCoord: 0.613290 0.848608
Position: 6.979681 -3.831133 0.106582
Normal: 0.950147 0.000000 -0.311801
TextCoord: 0.674478 0.979044
Position: 6.979681 -2.987990 0.106582
Normal: 0.950147 0.000000 -0.311801
TextCoord: 0.703379 0.985483
Position: 8.204540 -3.353170 3.839077
Normal: 0.950147 0.000000 -0.311801
TextCoord: 0.720863 0.848038
Position: 8.204540 -3.519584 3.839077
Normal: 0.950147 0.000000 -0.311801
TextCoord: 0.715159 0.846767
Position: -1.299820 -5.991327 -1.778640
Normal: -0.678778 -0.731154 0.068368
TextCoord: 0.092174 0.696617
Position: 7.298934 -14.006199 -1.845914
Normal: -0.678778 -0.731154 0.068368
TextCoord: 0.504990 0.694171
Position: 7.358538 -14.008297 -1.552525
Normal: -0.678778 -0.731154 0.068368
TextCoord: 0.506453 0.683771
Position: -1.282535 -5.991936 -1.337576
Normal: -0.678778 -0.731154 0.068368
TextCoord: 0.092451 0.681126
Position: 13.275743 -1.806294 -1.402844
Normal: 1.000000 0.000000 0.000000
TextCoord: 0.820098 0.899968
Position: 13.275743 -1.398984 -1.977521
Normal: 1.000000 0.000000 0.000000
TextCoord: 0.840280 0.885664
Position: 13.275743 -1.233954 -1.747521
Normal: 1.000000 0.000000 0.000000
TextCoord: 0.832202 0.879868
Position: 13.275743 -1.563964 -1.401487
Normal: 1.000000 0.000000 0.000000
TextCoord: 0.820050 0.891458
Position: 13.275743 0.000000 -1.977521
Normal: 1.000000 0.000000 0.000000
TextCoord: 0.840280 0.836534
Position: 13.275743 0.000000 -1.747521
Normal: 1.000000 0.000000 0.000000
TextCoord: 0.832202 0.836618
Position: 13.275743 0.000000 0.046881
Normal: 1.000000 0.000000 0.000000
TextCoord: 0.769185 0.836534
Position: 13.275743 -1.334191 0.046881
Normal: 1.000000 0.000000 0.000000
TextCoord: 0.769185 0.883389
Position: 13.275743 -1.167202 -0.183119
Normal: 1.000000 0.000000 0.000000
TextCoord: 0.777263 0.877524
Position: 13.275743 0.000000 -0.183119
Normal: 1.000000 0.000000 0.000000
TextCoord: 0.777263 0.836619
Position: 13.275743 -1.563964 -1.401487
Normal: 0.000000 0.723663 0.690153
TextCoord: 0.814415 0.827340
Position: 13.275743 -1.233954 -1.747521
Normal: 0.000000 0.723663 0.690153
TextCoord: 0.831208 0.827340
Position: 12.562081 -1.233954 -1.747521
Normal: 0.000000 0.723663 0.690153
TextCoord: 0.831208 0.788890
Position: 12.562081 -1.563964 -1.401487
Normal: 0.000000 0.723663 0.690153
TextCoord: 0.814415 0.788890
Position: 13.275743 -1.233954 -1.747521
Normal: 0.000000 0.000000 1.000000
TextCoord: 0.831208 0.827340
Position: 13.275743 0.000000 -1.747521
Normal: 0.000000 0.000000 1.000000
TextCoord: 0.874458 0.827339
Position: 12.562081 0.000000 -1.747521
Normal: 0.000000 0.000000 1.000000
TextCoord: 0.874458 0.788890
Position: 12.562081 -1.233954 -1.747521
Normal: 0.000000 0.000000 1.000000
TextCoord: 0.831208 0.788890
Position: 13.275743 0.000000 -0.183119
Normal: 0.000000 0.000000 -1.000000
TextCoord: 0.728510 0.827340
Position: 13.275743 -1.167202 -0.183119
Normal: 0.000000 0.000000 -1.000000
TextCoord: 0.769416 0.827340
Position: 12.562081 -1.167202 -0.183119
Normal: 0.000000 0.000000 -1.000000
TextCoord: 0.769416 0.788890
Position: 12.562081 0.000000 -0.183119
Normal: 0.000000 0.000000 -1.000000
TextCoord: 0.728510 0.788890
Position: 13.275743 -1.167202 -0.183119
Normal: 0.000000 0.950852 -0.309645
TextCoord: 0.769416 0.827340
Position: 13.275743 -1.563964 -1.401487
Normal: 0.000000 0.950852 -0.309645
TextCoord: 0.814415 0.827340
Position: 12.562081 -1.563964 -1.401487
Normal: 0.000000 0.950852 -0.309645
TextCoord: 0.814415 0.788890
Position: 12.562081 -1.167202 -0.183119
Normal: 0.000000 0.950852 -0.309645
TextCoord: 0.769416 0.788890
Position: -13.275743 0.000000 -3.696510
Normal: -1.000000 0.000000 0.000000
TextCoord: 0.863882 0.984559
Position: -13.275743 -0.627871 -3.696510
Normal: -1.000000 0.000000 0.000000
TextCoord: 0.863881 0.962508
Position: -13.275743 -0.486141 -3.486510
Normal: -1.000000 0.000000 0.000000
TextCoord: 0.856507 0.967486
Position: -13.275743 0.000000 -3.486510
Normal: -1.000000 0.000000 0.000000
TextCoord: 0.856507 0.984483
Position: -13.275743 -1.155147 -2.389414
Normal: -1.000000 0.000000 0.000000
TextCoord: 0.817978 0.943991
Position: -13.275743 -0.924203 -2.400572
Normal: -1.000000 0.000000 0.000000
TextCoord: 0.818369 0.952102
Position: -13.275743 -0.741557 -1.594954
Normal: -1.000000 0.000000 0.000000
TextCoord: 0.790077 0.958516
Position: -13.275743 -0.614129 -1.804955
Normal: -1.000000 0.000000 0.000000
TextCoord: 0.797452 0.962991
Position: -13.275743 0.000000 -1.594954
Normal: -1.000000 0.000000 0.000000
TextCoord: 0.790077 0.984559
Position: -13.275743 0.000000 -1.804955
Normal: -1.000000 0.000000 0.000000
TextCoord: 0.797452 0.984483
Position: -13.275743 0.000000 -3.486510
Normal: 0.000000 0.000000 1.000000
TextCoord: 0.871713 0.935972
Position: -13.275743 -0.486141 -3.486510
Normal: 0.000000 0.000000 1.000000
TextCoord: 0.871713 0.918975
Position: -12.564297 -0.486141 -3.486510
Normal: 0.000000 0.000000 1.000000
TextCoord: 0.844315 0.918976
Position: -12.564297 0.000000 -3.486510
Normal: 0.000000 0.000000 1.000000
TextCoord: 0.844315 0.935972
Position: -13.275743 -0.486141 -3.486510
Normal: 0.000000 0.927387 0.374104
TextCoord: 0.871713 0.918975
Position: -13.275743 -0.924203 -2.400572
Normal: 0.000000 0.927387 0.374104
TextCoord: 0.871712 0.877853
Position: -12.564297 -0.924203 -2.400572
Normal: 0.000000 0.927387 0.374104
TextCoord: 0.844315 0.877853
Position: -12.564297 -0.486141 -3.486510
Normal: 0.000000 0.927387 0.374104
TextCoord: 0.844315 0.918976
Position: -13.275743 -0.924203 -2.400572
Normal: 0.000000 0.887001 -0.461767
TextCoord: 0.871712 0.877853
Position: -13.275743 -0.614129 -1.804955
Normal: 0.000000 0.887001 -0.461767
TextCoord: 0.871712 0.854270
Position: -12.564297 -0.614129 -1.804955
Normal: 0.000000 0.887001 -0.461767
TextCoord: 0.844314 0.854271
Position: -12.564297 -0.924203 -2.400572
Normal: 0.000000 0.887001 -0.461767
TextCoord: 0.844315 0.877853
Position: -13.275743 -0.614129 -1.804955
Normal: 0.000000 0.000000 -1.000000
TextCoord: 0.871712 0.854270
Position: -13.275743 0.000000 -1.804955
Normal: 0.000000 0.000000 -1.000000
TextCoord: 0.871712 0.832779
Position: -12.564297 0.000000 -1.804955
Normal: 0.000000 0.000000 -1.000000
TextCoord: 0.844314 0.832779
Position: -12.564297 -0.614129 -1.804955
Normal: 0.000000 0.000000 -1.000000
TextCoord: 0.844314 0.854271
Position: -1.447532 -2.475305 -0.846262
Normal: -0.036014 -0.368361 0.928985
TextCoord: 0.379118 0.448823
Position: -1.420124 -3.855021 -1.353885
Normal: -0.036014 -0.368361 0.928985
TextCoord: 0.378493 0.397703
Position: 8.028095 -3.499235 -0.830521
Normal: 0.406318 -0.066019 0.911344
TextCoord: 0.393014 0.340403
Position: 7.358538 -14.008297 -1.552525
Normal: 0.005226 -0.099280 0.995046
TextCoord: 0.100512 0.112895
Position: 4.213028 -7.893034 -0.448139
Normal: 0.249450 -0.772069 0.584538
TextCoord: 0.142927 0.295090
Position: 4.230867 -8.339779 -0.984478
Normal: 0.249450 -0.772069 0.584538
TextCoord: 0.135562 0.271909
Position: 7.780818 -7.146370 -0.984478
Normal: 0.249450 -0.772069 0.584538
TextCoord: 0.019344 0.333415
Position: 7.663424 -6.824677 -0.448139
Normal: 0.249450 -0.772069 0.584538
TextCoord: 0.030096 0.352976
Position: -1.420124 -3.855021 -1.353885
Normal: -0.244601 -0.968224 0.052076
TextCoord: 0.378493 0.397703
Position: 0.344312 -4.280034 -0.968395
Normal: -0.244601 -0.968224 0.052076
TextCoord: 0.308793 0.365960
Position: 0.700115 -4.312102 0.106582
Normal: -0.244601 -0.968224 0.052076
TextCoord: 0.286467 0.398646
Position: -1.839530 -1.360466 1.656501
Normal: -0.141854 -0.863855 0.483355
TextCoord: 0.163031 0.751980
Position: -12.564297 -0.924203 -2.400572
Normal: -1.000000 0.000000 0.000000
TextCoord: 0.806178 0.903592
Position: 12.562081 -1.563964 -1.401487
Normal: 1.000000 0.000000 0.000000
TextCoord: 0.831500 0.729462
Position: 6.148832 0.000000 1.531463
Normal: 0.669177 0.000000 0.743103
TextCoord: 0.020370 0.886982
Position: 6.394056 0.000000 1.310635
Normal: 0.669177 0.000000 0.743103
TextCoord: 0.031959 0.886918
Position: -6.033122 0.000000 -3.839077
Normal: -0.004414 -0.000000 -0.999990
TextCoord: 0.267761 0.670524
Position: -6.033122 2.014010 -3.839076
Normal: -0.003031 0.000000 -0.999995
TextCoord: 0.267761 0.599794
Position: 0.275588 2.558314 -3.770597
Normal: 0.032160 -0.000000 -0.999483
TextCoord: 0.489328 0.580678
Position: 0.275588 0.000000 -3.770597
Normal: 0.031642 -0.000000 -0.999499
TextCoord: 0.489329 0.670523
Position: -5.106566 0.952319 0.818048
Normal: -0.248584 0.000000 0.968610
TextCoord: 0.043861 0.738500
Position: -5.106566 0.000000 0.818048
Normal: -0.248584 0.000000 0.968610
TextCoord: 0.043676 0.705060
Position: -1.839530 0.000000 1.656501
Normal: -0.139716 0.000000 0.990192
TextCoord: 0.162127 0.704401
Position: -1.839530 1.360466 1.656501
Normal: -0.134329 0.000000 0.990937
TextCoord: 0.162391 0.752178
Position: 12.562081 0.000000 -1.747521
Normal: 1.000000 0.000000 0.000000
TextCoord: 0.819348 0.784301
Position: 12.562081 1.233954 -1.747521
Normal: 1.000000 0.000000 0.000000
TextCoord: 0.819348 0.741051
Position: 12.562081 1.167202 -0.183119
Normal: 1.000000 0.000000 0.000000
TextCoord: 0.874288 0.743395
Position: 12.562081 0.000000 -0.183119
Normal: 1.000000 0.000000 0.000000
TextCoord: 0.874288 0.784301
Position: -12.564297 0.486141 -3.486510
Normal: -1.000000 0.000000 0.000000
TextCoord: 0.844315 0.918976
Position: -12.564297 0.000000 -3.486510
Normal: -1.000000 0.000000 0.000000
TextCoord: 0.844315 0.935972
Position: -12.564297 0.000000 -1.804955
Normal: -1.000000 0.000000 0.000000
TextCoord: 0.785260 0.935973
Position: -12.564297 0.614129 -1.804955
Normal: -1.000000 0.000000 0.000000
TextCoord: 0.785260 0.914481
Position: 7.731125 0.000000 -3.379274
Normal: 0.149470 -0.000000 -0.988766
TextCoord: 0.751292 0.670522
Position: 7.731126 2.483237 -3.379275
Normal: 0.143020 -0.000000 -0.989720
TextCoord: 0.751291 0.583313
Position: 13.275743 1.398984 -1.977521
Normal: 0.245102 -0.000000 -0.969497
TextCoord: 0.952138 0.621389
Position: 13.275743 0.000000 -1.977521
Normal: 0.245102 -0.000000 -0.969497
TextCoord: 0.952139 0.670519
Position: -13.275743 0.000000 -3.696510
Normal: -0.019681 0.000000 -0.999806
TextCoord: 0.013478 0.670524
Position: -13.275743 0.627871 -3.696510
Normal: -0.019681 0.000000 -0.999806
TextCoord: 0.013478 0.648474
Position: 2.234969 1.475999 1.775231
Normal: 0.016748 0.000000 0.999860
TextCoord: 0.305564 0.755444
Position: 2.234969 0.000000 1.775231
Normal: 0.016535 0.000000 0.999863
TextCoord: 0.305277 0.703610
Position: 6.148832 0.000000 1.531463
Normal: 0.062163 0.000000 0.998066
TextCoord: 0.442992 0.702849
Position: 6.148832 1.421545 1.531463
Normal: 0.062163 0.000000 0.998066
TextCoord: 0.443267 0.752771
Position: 7.298934 14.006199 -1.845914
Normal: 0.408035 0.910349 -0.069074
TextCoord: 0.504990 0.694171
Position: 7.358538 14.008297 -1.552525
Normal: 0.408035 0.910349 -0.069074
TextCoord: 0.506453 0.683771
Position: 10.700467 12.503831 -1.552525
Normal: 0.408035 0.910349 -0.069074
TextCoord: 0.635061 0.678626
Position: 10.664050 12.506036 -1.824949
Normal: 0.408035 0.910349 -0.069074
TextCoord: 0.634246 0.688242
Position: -13.275743 1.155147 -2.389414
Normal: -0.188258 0.891295 -0.412495
TextCoord: 0.016213 0.533118
Position: -6.033123 3.251953 -1.331990
Normal: -0.170430 0.901733 -0.397280
TextCoord: 0.275975 0.469760
Position: -6.033122 2.014010 -3.839076
Normal: -0.167160 0.885006 -0.434537
TextCoord: 0.275029 0.567920
Position: -13.275743 0.627871 -3.696510
Normal: -0.188258 0.891295 -0.412495
TextCoord: 0.016437 0.582556
Position: 0.275588 2.558314 -3.770597
Normal: -0.037708 0.695314 -0.717716
TextCoord: 0.496987 0.561031
Position: 0.266887 3.580699 -3.011220
Normal: -0.045944 0.705666 -0.707054
TextCoord: 0.499469 0.516382
Position: 7.638769 3.514489 -2.677413
Normal: 0.182575 0.570237 -0.800935
TextCoord: 0.758401 0.527396
Position: 7.731126 2.483237 -3.379275
Normal: 0.181684 0.570340 -0.801063
TextCoord: 0.758987 0.571316
Position: 9.199059 3.654738 -1.974489
Normal: 0.303452 0.551510 -0.777016
TextCoord: 0.816896 0.512743
Position: 13.275743 1.398984 -1.977521
Normal: 0.303452 0.551509 -0.777016
TextCoord: 0.962828 0.586745
Position: 13.275743 1.806294 -1.402844
Normal: 0.398196 0.872217 0.284038
TextCoord: 0.967351 0.563288
Position: 9.199059 3.654738 -1.363854
Normal: 0.205234 0.733523 0.647938
TextCoord: 0.826049 0.494401
Position: 13.275743 1.334191 0.046881
Normal: 0.346076 0.846885 0.403753
TextCoord: 0.996402 0.518310
Position: 8.028095 3.499235 -0.830521
Normal: 0.174325 0.702258 0.690249
TextCoord: 0.805205 0.453988
Position: 7.731125 2.573840 0.106582
Normal: 0.174325 0.702258 0.690249
TextCoord: 0.827450 0.412162
Position: 0.700115 2.648917 0.106582
Normal: -0.503225 0.146603 0.851629
TextCoord: 0.297138 0.455997
Position: 0.700115 4.312102 0.106582
Normal: -0.503225 0.146603 0.851629
TextCoord: 0.286467 0.398646
Position: -1.420124 3.855021 -1.353885
Normal: -0.503225 0.146603 0.851629
TextCoord: 0.378493 0.397703
Position: -1.447532 2.475305 -0.846262
Normal: -0.503225 0.146603 0.851629
TextCoord: 0.379118 0.448823
Position: -1.420124 3.855021 -1.353885
Normal: -0.155837 0.909790 -0.384703
TextCoord: 0.438799 0.462360
Position: -1.420124 3.855021 -1.774429
Normal: -0.136580 0.854212 -0.501665
TextCoord: 0.439901 0.475768
Position: -1.420124 3.855021 -1.774429
Normal: -0.136580 0.854212 -0.501665
TextCoord: 0.439585 0.475946
Position: 0.266887 3.580699 -3.011220
Normal: -0.045944 0.705666 -0.707054
TextCoord: 0.499379 0.518015
Position: 0.266887 3.580699 -3.011220
Normal: -0.258102 0.157808 -0.953142
TextCoord: 0.794338 0.355595
Position: 7.298934 14.006199 -1.845914
Normal: 0.004823 0.107136 -0.994233
TextCoord: 0.354474 0.298731
Position: 10.664050 12.506036 -1.824949
Normal: 0.080540 0.068065 -0.994425
TextCoord: 0.348617 0.169471
Position: 7.638769 3.514489 -2.677413
Normal: 0.188593 0.030223 -0.981590
TextCoord: 0.679892 0.123066
Position: 9.199059 3.654738 -1.974489
Normal: 0.414139 -0.053193 -0.908658
TextCoord: 0.648206 0.071762
Position: 9.199059 3.654738 -1.974489
Normal: 0.985400 -0.165233 -0.041050
TextCoord: 0.947278 0.724442
Position: 10.664050 12.506036 -1.824949
Normal: 0.985400 -0.165233 -0.041050
TextCoord: 0.634246 0.688242
Position: 10.700467 12.503831 -1.552525
Normal: 0.985400 -0.165233 -0.041050
TextCoord: 0.635057 0.678664
Position: 9.199059 3.654738 -1.363854
Normal: 0.985400 -0.165233 -0.041050
TextCoord: 0.949387 0.703120
Position: 9.199059 3.654738 -1.363854
Normal: 0.351481 0.041144 0.935290
TextCoord: 0.362484 0.374162
Position: 10.700467 12.503831 -1.552525
Normal: 0.067795 0.066074 0.995509
TextCoord: 0.077396 0.239528
Position: 7.780818 7.146370 -0.984478
Normal: 0.161041 0.031043 0.986459
TextCoord: 0.291451 0.261696
Position: -1.420124 3.855021 -1.353885
Normal: -0.214906 0.006384 0.976614
TextCoord: 0.569177 0.056714
Position: 0.344312 4.280034 -0.968395
Normal: -0.152483 0.067726 0.985983
TextCoord: 0.521928 0.101583
Position: -1.282535 5.991936 -1.337576
Normal: -0.150698 0.082802 0.985106
TextCoord: 0.503753 0.019629
Position: -1.420124 3.855021 -1.353885
Normal: -0.997988 0.060173 0.019979
TextCoord: 0.017250 0.680634
Position: -1.282535 5.991936 -1.337576
Normal: -0.997988 0.060173 0.019979
TextCoord: 0.092451 0.681126
Position: -1.299820 5.991327 -1.778640
Normal: -0.997988 0.060173 0.019979
TextCoord: 0.092174 0.696617
Position: -1.420124 3.855021 -1.774429
Normal: -0.997988 0.060173 0.019979
TextCoord: 0.017041 0.695399
Position: -1.420124 3.855021 -1.774429
Normal: -0.587625 0.031498 -0.808520
TextCoord: 0.810277 0.427951
Position: -1.299820 5.991327 -1.778640
Normal: -0.376467 0.215970 -0.900905
TextCoord: 0.738504 0.450203
Position: -6.033123 3.251953 -1.331990
Normal: -0.130107 0.488261 0.862945
TextCoord: 0.540394 0.418696
Position: -13.275743 1.155147 -2.389414
Normal: -0.241247 0.617596 0.748582
TextCoord: 0.802183 0.472604
Position: -13.275743 0.741557 -1.594954
Normal: -0.241247 0.617596 0.748582
TextCoord: 0.797043 0.501257
Position: -6.033123 2.104613 -0.838647
Normal: -0.147712 0.509680 0.847589
TextCoord: 0.540164 0.461722
Position: 9.199059 3.654738 -1.363854
Normal: 0.428598 0.854455 -0.293618
TextCoord: 0.826049 0.494401
Position: 13.275743 1.806294 -1.402844
Normal: 0.428598 0.854455 -0.293617
TextCoord: 0.967238 0.563233
Position: 13.275743 1.398984 -1.977521
Normal: 0.428598 0.854455 -0.293618
TextCoord: 0.962828 0.586745
Position: 9.199059 3.654738 -1.974489
Normal: 0.428598 0.854455 -0.293618
TextCoord: 0.817003 0.512798
Position: 0.700115 2.648917 0.106582
Normal: -0.079973 0.838555 0.538915
TextCoord: 0.256175 0.830174
Position: 2.234969 1.475999 1.775231
Normal: 0.004124 0.799539 0.600600
TextCoord: 0.305564 0.755444
Position: 6.148832 1.421545 1.531463
Normal: 0.022839 0.798994 0.600905
TextCoord: 0.443222 0.752772
Position: 7.731125 2.573840 0.106582
Normal: 0.022839 0.798994 0.600905
TextCoord: 0.502528 0.813598
Position: -6.033123 2.104613 -0.838647
Normal: -0.137108 0.862240 0.487589
TextCoord: 0.008942 0.831945
Position: -5.106566 0.952319 0.818048
Normal: -0.137108 0.862240 0.487589
TextCoord: 0.044767 0.763554
Position: -1.839530 1.360466 1.656501
Normal: -0.141854 0.863855 0.483355
TextCoord: 0.163071 0.752602
Position: -1.447532 2.475305 -0.846262
Normal: -0.185901 0.884337 0.428239
TextCoord: 0.169232 0.848982
Position: -1.839530 1.360466 1.656501
Normal: -0.141854 0.863855 0.483355
TextCoord: 0.163131 0.752067
Position: -13.275743 0.000000 -1.594954
Normal: -0.115205 0.000000 0.993342
TextCoord: 0.876061 0.398615
Position: -11.543105 0.000000 -1.394008
Normal: -0.115205 0.000000 0.993342
TextCoord: 0.867499 0.337961
Position: -11.543103 0.797141 -1.394008
Normal: -0.094120 -0.047336 0.994435
TextCoord: 0.895154 0.334028
Position: -13.275743 0.741557 -1.594954
Normal: -0.112433 -0.006263 0.993639
TextCoord: 0.901844 0.394949
Position: -6.053520 1.765950 -0.916671
Normal: -0.083194 -0.071596 0.993958
TextCoord: 0.901609 0.137730
Position: -6.033123 2.104613 -0.838647
Normal: -0.083194 -0.071596 0.993958
TextCoord: 0.913239 0.135039
Position: -6.033123 2.104613 -0.838647
Normal: -0.882044 -0.023235 0.470594
TextCoord: 0.913239 0.135039
Position: -6.053520 1.765950 -0.916671
Normal: -0.882044 -0.023235 0.470594
TextCoord: 0.901333 0.137793
Position: -5.267648 0.766600 0.530033
Normal: -0.877511 -0.011619 0.479416
TextCoord: 0.866236 0.079977
Position: -5.106566 0.952319 0.818048
Normal: -0.877511 -0.011619 0.479416
TextCoord: 0.872751 0.068390
Position: -5.267648 0.000000 0.530033
Normal: -0.872774 0.000000 0.488125
TextCoord: 0.839383 0.079977
Position: -5.106566 0.000000 0.818048
Normal: -0.872774 0.000000 0.488125
TextCoord: 0.839311 0.068390
Position: -5.267648 0.766600 0.530033
Normal: -0.293130 0.000000 0.956073
TextCoord: 0.842103 0.102473
Position: -11.543103 0.797141 -1.394008
Normal: -0.293130 0.000000 0.956073
TextCoord: 0.843182 0.332986
Position: -11.543105 0.000000 -1.394008
Normal: -0.293130 0.000000 0.956073
TextCoord: 0.815249 0.332987
Position: -5.267648 0.000000 0.530033
Normal: -0.293130 0.000000 0.956073
TextCoord: 0.815242 0.102474
Position: -6.053520 1.765950 -0.916671
Normal: -0.188036 0.757374 0.625321
TextCoord: 0.895750 0.143665
Position: -11.543103 0.797141 -1.394008
Normal: -0.188036 0.757374 0.625321
TextCoord: 0.843182 0.332986
Position: -5.267648 0.766600 0.530033
Normal: -0.188036 0.757374 0.625321
TextCoord: 0.842103 0.102473
Position: 6.148832 1.421545 1.531463
Normal: 0.675053 -0.010654 0.737692
TextCoord: 0.020646 0.936904
Position: 6.394056 1.224906 1.310635
Normal: 0.675053 -0.010654 0.737692
TextCoord: 0.032197 0.929935
Position: 7.763833 2.231076 0.053271
Normal: 0.365111 -0.011256 0.930896
TextCoord: 0.097687 0.964908
Position: 7.731125 2.573840 0.106582
Normal: 0.364965 -0.011252 0.930953
TextCoord: 0.095647 0.976957
Position: 7.763833 2.231076 0.053271
Normal: 0.365111 -0.011256 0.930896
TextCoord: 0.097666 0.965035
Position: 11.024238 1.411877 0.102939
Normal: 0.009359 0.000183 0.999956
TextCoord: 0.213946 0.944621
Position: 13.275743 1.334191 0.046881
Normal: 0.022431 0.000029 0.999748
TextCoord: 0.293008 0.947619
Position: 11.024237 0.000000 0.102939
Normal: 0.024890 0.000000 0.999690
TextCoord: 0.217532 0.895167
Position: 13.275743 0.000000 0.046881
Normal: 0.024890 0.000000 0.999690
TextCoord: 0.296397 0.900887
Position: 11.024238 1.411877 0.102939
Normal: 0.252387 -0.000000 0.967626
TextCoord: 0.209413 0.914627
Position: 6.394056 1.224906 1.310635
Normal: 0.252387 -0.000000 0.967626
TextCoord: 0.041333 0.908991
Position: 6.394056 0.000000 1.310635
Normal: 0.252387 0.000000 0.967626
TextCoord: 0.041095 0.865975
Position: 11.024237 0.000000 0.102939
Normal: 0.252387 0.000000 0.967626
TextCoord: 0.209139 0.865045
Position: 7.763833 2.231076 0.053271
Normal: 0.159592 0.678640 0.716923
TextCoord: 0.098818 0.955980
Position: 6.394056 1.224906 1.310635
Normal: 0.159592 0.678640 0.716923
TextCoord: 0.041333 0.908991
Position: 11.024238 1.411877 0.102939
Normal: 0.159592 0.678640 0.716923
TextCoord: 0.209413 0.914627
Position: 4.230867 8.339779 -0.984478
Normal: -0.078634 0.138402 0.987250
TextCoord: 0.327434 0.135189
Position: 7.358538 14.008297 -1.552525
Normal: 0.005226 0.099280 0.995046
TextCoord: 0.100291 0.112873
Position: 8.204540 3.353170 3.839077
Normal: 0.000000 0.000000 1.000000
TextCoord: 0.715080 0.840924
Position: 8.204540 3.519584 3.839077
Normal: 0.000000 0.000000 1.000000
TextCoord: 0.715159 0.846767
Position: 5.303385 3.532772 3.839077
Normal: 0.000000 0.000000 1.000000
TextCoord: 0.613290 0.848608
Position: 5.303385 3.366359 3.839077
Normal: 0.000000 0.000000 1.000000
TextCoord: 0.613211 0.842764
Position: 7.731125 4.237025 0.106582
Normal: 0.009011 0.082598 0.996542
TextCoord: 0.044252 0.444516
Position: 7.663424 6.824677 -0.448139
Normal: 0.018231 0.167112 0.985769
TextCoord: 0.030096 0.352976
Position: 4.213028 7.893034 -0.448139
Normal: 0.018231 0.167112 0.985769
TextCoord: 0.142927 0.295090
Position: 0.700115 4.312102 0.106582
Normal: 0.006258 0.057363 0.998334
TextCoord: 0.286467 0.398646
Position: 0.344312 4.280034 -0.968395
Normal: -0.670283 0.672556 0.313672
TextCoord: 0.308793 0.365960
Position: 0.700115 4.312102 0.106582
Normal: -0.670283 0.672556 0.313672
TextCoord: 0.286467 0.398646
Position: 4.213028 7.893034 -0.448139
Normal: -0.670283 0.672556 0.313672
TextCoord: 0.142927 0.295090
Position: 4.230867 8.339779 -0.984478
Normal: -0.670283 0.672556 0.313672
TextCoord: 0.135562 0.271909
Position: 7.731125 2.573840 0.106582
Normal: 0.953277 0.000000 0.302096
TextCoord: 0.019556 0.497215
Position: 8.028095 3.499235 -0.830521
Normal: 0.959139 0.031209 0.281207
TextCoord: 0.002002 0.453171
Position: 7.731125 4.237025 0.106582
Normal: 0.962404 0.052918 0.266419
TextCoord: 0.044252 0.444516
Position: 7.780818 7.146370 -0.984478
Normal: 0.965254 0.077142 0.249666
TextCoord: 0.019344 0.333415
Position: 7.663424 6.824677 -0.448139
Normal: 0.965254 0.077142 0.249666
TextCoord: 0.030096 0.352976
Position: 7.731125 2.573840 0.106582
Normal: 0.000000 0.000000 1.000000
TextCoord: 0.054573 0.502246
Position: 6.979681 2.987990 0.106582
Normal: 0.000000 0.000000 1.000000
TextCoord: 0.077976 0.483265
Position: 1.027032 3.054809 0.106582
Normal: 0.000000 0.000000 1.000000
TextCoord: 0.283318 0.443997
Position: 0.700115 2.648917 0.106582
Normal: 0.000000 0.000000 1.000000
TextCoord: 0.297138 0.455997
Position: 1.027032 3.897953 0.106582
Normal: 0.000000 0.000000 1.000000
TextCoord: 0.278083 0.414853
Position: 6.979681 3.831133 0.106582
Normal: 0.000000 0.000000 1.000000
TextCoord: 0.072741 0.454121
Position: 6.979681 2.987990 0.106582
Normal: -0.008994 -0.995258 0.096852
TextCoord: 0.669752 0.709995
Position: 8.204540 3.353170 3.839077
Normal: -0.008994 -0.995258 0.096852
TextCoord: 0.715080 0.840924
Position: 5.303385 3.366359 3.839077
Normal: -0.008994 -0.995258 0.096852
TextCoord: 0.613211 0.842764
Position: 1.027032 3.054809 0.106582
Normal: -0.008994 -0.995258 0.096852
TextCoord: 0.460726 0.713908
Position: 1.027032 3.054809 0.106582
Normal: -0.657575 0.000000 0.753389
TextCoord: 0.413741 0.834520
Position: 5.303385 3.366359 3.839077
Normal: -0.657575 0.000000 0.753389
TextCoord: 0.613211 0.842764
Position: 5.303385 3.532772 3.839077
Normal: -0.657575 0.000000 0.753389
TextCoord: 0.613290 0.848608
Position: 1.027032 3.897953 0.106582
Normal: -0.657575 0.000000 0.753389
TextCoord: 0.414142 0.864127
Position: 1.027032 3.897953 0.106582
Normal: 0.009004 0.996451 0.083697
TextCoord: 0.465452 0.982938
Position: 5.303385 3.532772 3.839077
Normal: 0.009004 0.996451 0.083697
TextCoord: 0.613290 0.848608
Position: 8.204540 3.519584 3.839077
Normal: 0.009004 0.996451 0.083697
TextCoord: 0.715159 0.846767
Position: 6.979681 3.831133 0.106582
Normal: 0.009004 0.996451 0.083697
TextCoord: 0.674478 0.979044
Position: 6.979681 3.831133 0.106582
Normal: 0.950147 0.000000 -0.311801
TextCoord: 0.674478 0.979044
Position: 8.204540 3.519584 3.839077
Normal: 0.950147 0.000000 -0.311801
TextCoord: 0.715159 0.846767
Position: 8.204540 3.353170 3.839077
Normal: 0.950147 0.000000 -0.311801
TextCoord: 0.720863 0.848038
Position: 6.979681 2.987990 0.106582
Normal: 0.950147 0.000000 -0.311801
TextCoord: 0.703379 0.985483
Position: -1.299820 5.991327 -1.778640
Normal: -0.678778 0.731154 0.068368
TextCoord: 0.092174 0.696617
Position: -1.282535 5.991936 -1.337576
Normal: -0.678778 0.731154 0.068368
TextCoord: 0.092451 0.681126
Position: 7.358538 14.008297 -1.552525
Normal: -0.678778 0.731154 0.068368
TextCoord: 0.506453 0.683771
Position: 7.298934 14.006199 -1.845914
Normal: -0.678778 0.731154 0.068368
TextCoord: 0.504990 0.694171
Position: 13.275743 1.806294 -1.402844
Normal: 1.000000 0.000000 0.000000
TextCoord: 0.820098 0.899968
Position: 13.275743 1.563964 -1.401487
Normal: 1.000000 0.000000 0.000000
TextCoord: 0.820050 0.891458
Position: 13.275743 1.233954 -1.747521
Normal: 1.000000 0.000000 0.000000
TextCoord: 0.832202 0.879868
Position: 13.275743 1.398984 -1.977521
Normal: 1.000000 0.000000 0.000000
TextCoord: 0.840280 0.885664
Position: 13.275743 0.000000 -1.747521
Normal: 1.000000 0.000000 0.000000
TextCoord: 0.832202 0.836618
Position: 13.275743 0.000000 -1.977521
Normal: 1.000000 0.000000 0.000000
TextCoord: 0.840280 0.836534
Position: 13.275743 0.000000 0.046881
Normal: 1.000000 0.000000 0.000000
TextCoord: 0.769185 0.836534
Position: 13.275743 0.000000 -0.183119
Normal: 1.000000 0.000000 0.000000
TextCoord: 0.777263 0.836619
Position: 13.275743 1.167202 -0.183119
Normal: 1.000000 0.000000 0.000000
TextCoord: 0.777263 0.877524
Position: 13.275743 1.334191 0.046881
Normal: 1.000000 0.000000 0.000000
TextCoord: 0.769185 0.883389
Position: 13.275743 1.563964 -1.401487
Normal: 0.000000 -0.723663 0.690153
TextCoord: 0.814415 0.827340
Position: 12.562081 1.563964 -1.401487
Normal: 0.000000 -0.723663 0.690153
TextCoord: 0.814415 0.788890
Position: 12.562081 1.233954 -1.747521
Normal: 0.000000 -0.723663 0.690153
TextCoord: 0.831208 0.788890
Position: 13.275743 1.233954 -1.747521
Normal: 0.000000 -0.723663 0.690153
TextCoord: 0.831208 0.827340
Position: 13.275743 1.233954 -1.747521
Normal: 0.000000 0.000000 1.000000
TextCoord: 0.831208 0.827340
Position: 12.562081 1.233954 -1.747521
Normal: 0.000000 0.000000 1.000000
TextCoord: 0.831208 0.788890
Position: 12.562081 0.000000 -1.747521
Normal: 0.000000 0.000000 1.000000
TextCoord: 0.874458 0.788890
Position: 13.275743 0.000000 -1.747521
Normal: 0.000000 0.000000 1.000000
TextCoord: 0.874458 0.827339
Position: 13.275743 0.000000 -0.183119
Normal: 0.000000 0.000000 -1.000000
TextCoord: 0.728510 0.827340
Position: 12.562081 0.000000 -0.183119
Normal: 0.000000 0.000000 -1.000000
TextCoord: 0.728510 0.788890
Position: 12.562081 1.167202 -0.183119
Normal: 0.000000 0.000000 -1.000000
TextCoord: 0.769416 0.788890
Position: 13.275743 1.167202 -0.183119
Normal: 0.000000 0.000000 -1.000000
TextCoord: 0.769416 0.827340
Position: 13.275743 1.167202 -0.183119
Normal: 0.000000 -0.950852 -0.309645
TextCoord: 0.769416 0.827340
Position: 12.562081 1.167202 -0.183119
Normal: 0.000000 -0.950852 -0.309645
TextCoord: 0.769416 0.788890
Position: 12.562081 1.563964 -1.401487
Normal: 0.000000 -0.950852 -0.309645
TextCoord: 0.814415 0.788890
Position: 13.275743 1.563964 -1.401487
Normal: 0.000000 -0.950852 -0.309645
TextCoord: 0.814415 0.827340
Position: -13.275743 0.000000 -3.696510
Normal: -1.000000 0.000000 0.000000
TextCoord: 0.863882 0.984559
Position: -13.275743 0.000000 -3.486510
Normal: -1.000000 0.000000 0.000000
TextCoord: 0.856507 0.984483
Position: -13.275743 0.486141 -3.486510
Normal: -1.000000 0.000000 0.000000
TextCoord: 0.856507 0.967486
Position: -13.275743 0.627871 -3.696510
Normal: -1.000000 0.000000 0.000000
TextCoord: 0.863881 0.962508
Position: -13.275743 0.924203 -2.400572
Normal: -1.000000 0.000000 0.000000
TextCoord: 0.818369 0.952102
Position: -13.275743 1.155147 -2.389414
Normal: -1.000000 0.000000 0.000000
TextCoord: 0.817978 0.943991
Position: -13.275743 0.614129 -1.804955
Normal: -1.000000 0.000000 0.000000
TextCoord: 0.797452 0.962991
Position: -13.275743 0.741557 -1.594954
Normal: -1.000000 0.000000 0.000000
TextCoord: 0.790077 0.958516
Position: -13.275743 0.000000 -1.804955
Normal: -1.000000 0.000000 0.000000
TextCoord: 0.797452 0.984483
Position: -13.275743 0.000000 -1.594954
Normal: -1.000000 0.000000 0.000000
TextCoord: 0.790077 0.984559
Position: -13.275743 0.000000 -3.486510
Normal: 0.000000 0.000000 1.000000
TextCoord: 0.871713 0.935972
Position: -12.564297 0.000000 -3.486510
Normal: 0.000000 0.000000 1.000000
TextCoord: 0.844315 0.935972
Position: -12.564297 0.486141 -3.486510
Normal: 0.000000 0.000000 1.000000
TextCoord: 0.844315 0.918976
Position: -13.275743 0.486141 -3.486510
Normal: 0.000000 0.000000 1.000000
TextCoord: 0.871713 0.918975
Position: -13.275743 0.486141 -3.486510
Normal: 0.000000 -0.927387 0.374104
TextCoord: 0.871713 0.918975
Position: -12.564297 0.486141 -3.486510
Normal: 0.000000 -0.927387 0.374104
TextCoord: 0.844315 0.918976
Position: -12.564297 0.924203 -2.400572
Normal: 0.000000 -0.927387 0.374104
TextCoord: 0.844315 0.877853
Position: -13.275743 0.924203 -2.400572
Normal: 0.000000 -0.927387 0.374104
TextCoord: 0.871712 0.877853
Position: -13.275743 0.924203 -2.400572
Normal: 0.000000 -0.887001 -0.461767
TextCoord: 0.871712 0.877853
Position: -12.564297 0.924203 -2.400572
Normal: 0.000000 -0.887001 -0.461767
TextCoord: 0.844315 0.877853
Position: -12.564297 0.614129 -1.804955
Normal: 0.000000 -0.887001 -0.461767
TextCoord: 0.844314 0.854271
Position: -13.275743 0.614129 -1.804955
Normal: 0.000000 -0.887001 -0.461767
TextCoord: 0.871712 0.854270
Position: -13.275743 0.614129 -1.804955
Normal: 0.000000 0.000000 -1.000000
TextCoord: 0.871712 0.854270
Position: -12.564297 0.614129 -1.804955
Normal: 0.000000 0.000000 -1.000000
TextCoord: 0.844314 0.854271
Position: -12.564297 0.000000 -1.804955
Normal: 0.000000 0.000000 -1.000000
TextCoord: 0.844314 0.832779
Position: -13.275743 0.000000 -1.804955
Normal: 0.000000 0.000000 -1.000000
TextCoord: 0.871712 0.832779
Position: -1.447532 2.475305 -0.846262
Normal: -0.036014 0.368361 0.928985
TextCoord: 0.379118 0.448823
Position: -1.420124 3.855021 -1.353885
Normal: -0.036014 0.368361 0.928985
TextCoord: 0.378493 0.397703
Position: 8.028095 3.499235 -0.830521
Normal: 0.406318 0.066019 0.911344
TextCoord: 0.393014 0.340403
Position: 7.358538 14.008297 -1.552525
Normal: 0.005226 0.099280 0.995046
TextCoord: 0.100512 0.112895
Position: 4.213028 7.893034 -0.448139
Normal: 0.249450 0.772069 0.584537
TextCoord: 0.142927 0.295090
Position: 7.663424 6.824677 -0.448139
Normal: 0.249450 0.772069 0.584537
TextCoord: 0.030096 0.352976
Position: 7.780818 7.146370 -0.984478
Normal: 0.249450 0.772069 0.584537
TextCoord: 0.019344 0.333415
Position: 4.230867 8.339779 -0.984478
Normal: 0.249450 0.772069 0.584538
TextCoord: 0.135562 0.271909
Position: -1.420124 3.855021 -1.353885
Normal: -0.244601 0.968224 0.052076
TextCoord: 0.378493 0.397703
Position: 0.700115 4.312102 0.106582
Normal: -0.244601 0.968224 0.052076
TextCoord: 0.286467 0.398646
Position: 0.344312 4.280034 -0.968395
Normal: -0.244601 0.968224 0.052076
TextCoord: 0.308793 0.365960
Position: -1.839530 1.360466 1.656501
Normal: -0.141854 0.863855 0.483355
TextCoord: 0.163031 0.751980
Position: -12.564297 0.924203 -2.400572
Normal: -1.000000 0.000000 0.000000
TextCoord: 0.806178 0.903592
Position: 12.562081 1.563964 -1.401487
Normal: 1.000000 0.000000 0.000000
TextCoord: 0.831500 0.729462
Position: 6.148832 0.000000 1.531463
Normal: 0.669177 0.000000 0.743103
TextCoord: 0.020370 0.886982
Position: 6.394056 0.000000 1.310635
Normal: 0.669177 0.000000 0.743103
TextCoord: 0.031959 0.886918
Vertex Index: 0
Vertex Index: 1
Vertex Index: 2
Vertex Index: 0
Vertex Index: 2
Vertex Index: 3
Vertex Index: 4
Vertex Index: 5
Vertex Index: 6
Vertex Index: 4
Vertex Index: 6
Vertex Index: 7
Vertex Index: 8
Vertex Index: 9
Vertex Index: 10
Vertex Index: 8
Vertex Index: 10
Vertex Index: 11
Vertex Index: 12
Vertex Index: 13
Vertex Index: 14
Vertex Index: 12
Vertex Index: 14
Vertex Index: 15
Vertex Index: 16
Vertex Index: 17
Vertex Index: 18
Vertex Index: 16
Vertex Index: 18
Vertex Index: 19
Vertex Index: 1
Vertex Index: 16
Vertex Index: 19
Vertex Index: 1
Vertex Index: 19
Vertex Index: 2
Vertex Index: 3
Vertex Index: 20
Vertex Index: 21
Vertex Index: 3
Vertex Index: 21
Vertex Index: 0
Vertex Index: 22
Vertex Index: 23
Vertex Index: 24
Vertex Index: 22
Vertex Index: 24
Vertex Index: 25
Vertex Index: 26
Vertex Index: 27
Vertex Index: 28
Vertex Index: 26
Vertex Index: 28
Vertex Index: 29
Vertex Index: 30
Vertex Index: 31
Vertex Index: 32
Vertex Index: 30
Vertex Index: 32
Vertex Index: 33
Vertex Index: 34
Vertex Index: 35
Vertex Index: 36
Vertex Index: 34
Vertex Index: 36
Vertex Index: 37
Vertex Index: 35
Vertex Index: 38
Vertex Index: 39
Vertex Index: 35
Vertex Index: 39
Vertex Index: 36
Vertex Index: 40
Vertex Index: 41
Vertex Index: 42
Vertex Index: 41
Vertex Index: 43
Vertex Index: 44
Vertex Index: 41
Vertex Index: 44
Vertex Index: 42
Vertex Index: 45
Vertex Index: 46
Vertex Index: 47
Vertex Index: 45
Vertex Index: 47
Vertex Index: 48
Vertex Index: 33
Vertex Index: 32
Vertex Index: 49
Vertex Index: 33
Vertex Index: 49
Vertex Index: 50
Vertex Index: 32
Vertex Index: 34
Vertex Index: 51
Vertex Index: 32
Vertex Index: 51
Vertex Index: 52
Vertex Index: 53
Vertex Index: 54
Vertex Index: 55
Vertex Index: 53
Vertex Index: 55
Vertex Index: 56
Vertex Index: 54
Vertex Index: 57
Vertex Index: 55
Vertex Index: 58
Vertex Index: 59
Vertex Index: 60
Vertex Index: 58
Vertex Index: 60
Vertex Index: 61
Vertex Index: 62
Vertex Index: 63
Vertex Index: 64
Vertex Index: 65
Vertex Index: 66
Vertex Index: 67
Vertex Index: 68
Vertex Index: 69
Vertex Index: 70
Vertex Index: 68
Vertex Index: 70
Vertex Index: 71
Vertex Index: 72
Vertex Index: 53
Vertex Index: 73
Vertex Index: 74
Vertex Index: 75
Vertex Index: 76
Vertex Index: 74
Vertex Index: 76
Vertex Index: 77
Vertex Index: 78
Vertex Index: 79
Vertex Index: 80
Vertex Index: 78
Vertex Index: 80
Vertex Index: 81
Vertex Index: 82
Vertex Index: 83
Vertex Index: 84
Vertex Index: 82
Vertex Index: 84
Vertex Index: 85
Vertex Index: 86
Vertex Index: 87
Vertex Index: 88
Vertex Index: 86
Vertex Index: 88
Vertex Index: 89
Vertex Index: 82
Vertex Index: 85
Vertex Index: 90
Vertex Index: 5
Vertex Index: 22
Vertex Index: 25
Vertex Index: 5
Vertex Index: 25
Vertex Index: 6
Vertex Index: 91
Vertex Index: 92
Vertex Index: 93
Vertex Index: 91
Vertex Index: 93
Vertex Index: 94
Vertex Index: 92
Vertex Index: 95
Vertex Index: 96
Vertex Index: 92
Vertex Index: 96
Vertex Index: 93
Vertex Index: 97
Vertex Index: 98
Vertex Index: 99
Vertex Index: 97
Vertex Index: 99
Vertex Index: 100
Vertex Index: 98
Vertex Index: 101
Vertex Index: 102
Vertex Index: 98
Vertex Index: 102
Vertex Index: 99
Vertex Index: 103
Vertex Index: 104
Vertex Index: 105
Vertex Index: 103
Vertex Index: 105
Vertex Index: 106
Vertex Index: 107
Vertex Index: 108
Vertex Index: 109
Vertex Index: 110
Vertex Index: 111
Vertex Index: 112
Vertex Index: 110
Vertex Index: 112
Vertex Index: 113
Vertex Index: 111
Vertex Index: 114
Vertex Index: 115
Vertex Index: 111
Vertex Index: 115
Vertex Index: 116
Vertex Index: 114
Vertex Index: 117
Vertex Index: 118
Vertex Index: 114
Vertex Index: 118
Vertex Index: 115
Vertex Index: 119
Vertex Index: 120
Vertex Index: 121
Vertex Index: 119
Vertex Index: 121
Vertex Index: 122
Vertex Index: 123
Vertex Index: 124
Vertex Index: 125
Vertex Index: 126
Vertex Index: 127
Vertex Index: 64
Vertex Index: 126
Vertex Index: 64
Vertex Index: 63
Vertex Index: 128
Vertex Index: 129
Vertex Index: 130
Vertex Index: 128
Vertex Index: 130
Vertex Index: 131
Vertex Index: 132
Vertex Index: 133
Vertex Index: 134
Vertex Index: 132
Vertex Index: 134
Vertex Index: 135
Vertex Index: 136
Vertex Index: 137
Vertex Index: 138
Vertex Index: 136
Vertex Index: 138
Vertex Index: 139
Vertex Index: 140
Vertex Index: 141
Vertex Index: 142
Vertex Index: 141
Vertex Index: 143
Vertex Index: 144
Vertex Index: 141
Vertex Index: 144
Vertex Index: 142
Vertex Index: 145
Vertex Index: 146
Vertex Index: 147
Vertex Index: 145
Vertex Index: 147
Vertex Index: 148
Vertex Index: 146
Vertex Index: 133
Vertex Index: 149
Vertex Index: 146
Vertex Index: 149
Vertex Index: 147
Vertex Index: 133
Vertex Index: 132
Vertex Index: 150
Vertex Index: 133
Vertex Index: 150
Vertex Index: 149
Vertex Index: 132
Vertex Index: 145
Vertex Index: 148
Vertex Index: 132
Vertex Index: 148
Vertex Index: 150
Vertex Index: 151
Vertex Index: 152
Vertex Index: 153
Vertex Index: 151
Vertex Index: 153
Vertex Index: 154
Vertex Index: 155
Vertex Index: 156
Vertex Index: 157
Vertex Index: 155
Vertex Index: 157
Vertex Index: 158
Vertex Index: 159
Vertex Index: 160
Vertex Index: 161
Vertex Index: 159
Vertex Index: 161
Vertex Index: 162
Vertex Index: 163
Vertex Index: 164
Vertex Index: 165
Vertex Index: 163
Vertex Index: 165
Vertex Index: 166
Vertex Index: 66
Vertex Index: 126
Vertex Index: 67
Vertex Index: 167
Vertex Index: 168
Vertex Index: 169
Vertex Index: 167
Vertex Index: 169
Vertex Index: 170
Vertex Index: 53
Vertex Index: 56
Vertex Index: 73
Vertex Index: 171
Vertex Index: 172
Vertex Index: 173
Vertex Index: 171
Vertex Index: 173
Vertex Index: 174
Vertex Index: 172
Vertex Index: 175
Vertex Index: 176
Vertex Index: 172
Vertex Index: 176
Vertex Index: 173
Vertex Index: 177
Vertex Index: 178
Vertex Index: 179
Vertex Index: 177
Vertex Index: 179
Vertex Index: 180
Vertex Index: 178
Vertex Index: 171
Vertex Index: 174
Vertex Index: 178
Vertex Index: 174
Vertex Index: 179
Vertex Index: 181
Vertex Index: 182
Vertex Index: 183
Vertex Index: 181
Vertex Index: 183
Vertex Index: 184
Vertex Index: 185
Vertex Index: 186
Vertex Index: 187
Vertex Index: 185
Vertex Index: 187
Vertex Index: 188
Vertex Index: 189
Vertex Index: 190
Vertex Index: 191
Vertex Index: 189
Vertex Index: 191
Vertex Index: 192
Vertex Index: 193
Vertex Index: 194
Vertex Index: 195
Vertex Index: 193
Vertex Index: 195
Vertex Index: 196
Vertex Index: 197
Vertex Index: 198
Vertex Index: 199
Vertex Index: 197
Vertex Index: 199
Vertex Index: 200
Vertex Index: 198
Vertex Index: 201
Vertex Index: 202
Vertex Index: 198
Vertex Index: 202
Vertex Index: 199
Vertex Index: 201
Vertex Index: 203
Vertex Index: 204
Vertex Index: 201
Vertex Index: 204
Vertex Index: 202
Vertex Index: 203
Vertex Index: 205
Vertex Index: 206
Vertex Index: 203
Vertex Index: 206
Vertex Index: 204
Vertex Index: 207
Vertex Index: 208
Vertex Index: 209
Vertex Index: 207
Vertex Index: 209
Vertex Index: 210
Vertex Index: 211
Vertex Index: 212
Vertex Index: 213
Vertex Index: 211
Vertex Index: 213
Vertex Index: 214
Vertex Index: 215
Vertex Index: 216
Vertex Index: 217
Vertex Index: 215
Vertex Index: 217
Vertex Index: 218
Vertex Index: 219
Vertex Index: 220
Vertex Index: 221
Vertex Index: 219
Vertex Index: 221
Vertex Index: 222
Vertex Index: 223
Vertex Index: 75
Vertex Index: 74
Vertex Index: 223
Vertex Index: 74
Vertex Index: 224
Vertex Index: 62
Vertex Index: 225
Vertex Index: 63
Vertex Index: 66
Vertex Index: 226
Vertex Index: 126
Vertex Index: 227
Vertex Index: 228
Vertex Index: 229
Vertex Index: 227
Vertex Index: 229
Vertex Index: 230
Vertex Index: 231
Vertex Index: 232
Vertex Index: 233
Vertex Index: 87
Vertex Index: 82
Vertex Index: 234
Vertex Index: 12
Vertex Index: 235
Vertex Index: 13
Vertex Index: 10
Vertex Index: 236
Vertex Index: 11
Vertex Index: 237
Vertex Index: 110
Vertex Index: 113
Vertex Index: 237
Vertex Index: 113
Vertex Index: 238
Vertex Index: 239
Vertex Index: 240
Vertex Index: 241
Vertex Index: 239
Vertex Index: 241
Vertex Index: 242
Vertex Index: 243
Vertex Index: 244
Vertex Index: 245
Vertex Index: 243
Vertex Index: 245
Vertex Index: 246
Vertex Index: 247
Vertex Index: 248
Vertex Index: 249
Vertex Index: 247
Vertex Index: 249
Vertex Index: 250
Vertex Index: 251
Vertex Index: 252
Vertex Index: 253
Vertex Index: 251
Vertex Index: 253
Vertex Index: 254
Vertex Index: 255
Vertex Index: 256
Vertex Index: 257
Vertex Index: 255
Vertex Index: 257
Vertex Index: 258
Vertex Index: 242
Vertex Index: 241
Vertex Index: 256
Vertex Index: 242
Vertex Index: 256
Vertex Index: 255
Vertex Index: 240
Vertex Index: 239
Vertex Index: 259
Vertex Index: 240
Vertex Index: 259
Vertex Index: 260
Vertex Index: 261
Vertex Index: 262
Vertex Index: 263
Vertex Index: 261
Vertex Index: 263
Vertex Index: 264
Vertex Index: 265
Vertex Index: 266
Vertex Index: 267
Vertex Index: 265
Vertex Index: 267
Vertex Index: 268
Vertex Index: 269
Vertex Index: 270
Vertex Index: 271
Vertex Index: 269
Vertex Index: 271
Vertex Index: 272
Vertex Index: 273
Vertex Index: 274
Vertex Index: 275
Vertex Index: 273
Vertex Index: 275
Vertex Index: 276
Vertex Index: 276
Vertex Index: 275
Vertex Index: 277
Vertex Index: 276
Vertex Index: 277
Vertex Index: 278
Vertex Index: 279
Vertex Index: 280
Vertex Index: 281
Vertex Index: 281
Vertex Index: 280
Vertex Index: 282
Vertex Index: 281
Vertex Index: 282
Vertex Index: 283
Vertex Index: 284
Vertex Index: 285
Vertex Index: 286
Vertex Index: 284
Vertex Index: 286
Vertex Index: 287
Vertex Index: 270
Vertex Index: 288
Vertex Index: 289
Vertex Index: 270
Vertex Index: 289
Vertex Index: 271
Vertex Index: 271
Vertex Index: 290
Vertex Index: 291
Vertex Index: 271
Vertex Index: 291
Vertex Index: 273
Vertex Index: 292
Vertex Index: 293
Vertex Index: 294
Vertex Index: 292
Vertex Index: 294
Vertex Index: 295
Vertex Index: 295
Vertex Index: 294
Vertex Index: 296
Vertex Index: 297
Vertex Index: 298
Vertex Index: 299
Vertex Index: 297
Vertex Index: 299
Vertex Index: 300
Vertex Index: 301
Vertex Index: 302
Vertex Index: 303
Vertex Index: 304
Vertex Index: 305
Vertex Index: 306
Vertex Index: 307
Vertex Index: 308
Vertex Index: 309
Vertex Index: 307
Vertex Index: 309
Vertex Index: 310
Vertex Index: 311
Vertex Index: 312
Vertex Index: 292
Vertex Index: 313
Vertex Index: 314
Vertex Index: 315
Vertex Index: 313
Vertex Index: 315
Vertex Index: 316
Vertex Index: 317
Vertex Index: 318
Vertex Index: 319
Vertex Index: 317
Vertex Index: 319
Vertex Index: 320
Vertex Index: 321
Vertex Index: 322
Vertex Index: 323
Vertex Index: 321
Vertex Index: 323
Vertex Index: 324
Vertex Index: 325
Vertex Index: 326
Vertex Index: 327
Vertex Index: 325
Vertex Index: 327
Vertex Index: 328
Vertex Index: 321
Vertex Index: 329
Vertex Index: 322
Vertex Index: 246
Vertex Index: 245
Vertex Index: 262
Vertex Index: 246
Vertex Index: 262
Vertex Index: 261
Vertex Index: 330
Vertex Index: 331
Vertex Index: 332
Vertex Index: 330
Vertex Index: 332
Vertex Index: 333
Vertex Index: 333
Vertex Index: 332
Vertex Index: 334
Vertex Index: 333
Vertex Index: 334
Vertex Index: 335
Vertex Index: 336
Vertex Index: 337
Vertex Index: 338
Vertex Index: 336
Vertex Index: 338
Vertex Index: 339
Vertex Index: 339
Vertex Index: 338
Vertex Index: 340
Vertex Index: 339
Vertex Index: 340
Vertex Index: 341
Vertex Index: 342
Vertex Index: 343
Vertex Index: 344
Vertex Index: 342
Vertex Index: 344
Vertex Index: 345
Vertex Index: 346
Vertex Index: 347
Vertex Index: 348
Vertex Index: 349
Vertex Index: 350
Vertex Index: 351
Vertex Index: 349
Vertex Index: 351
Vertex Index: 352
Vertex Index: 352
Vertex Index: 353
Vertex Index: 354
Vertex Index: 352
Vertex Index: 354
Vertex Index: 355
Vertex Index: 355
Vertex Index: 354
Vertex Index: 356
Vertex Index: 355
Vertex Index: 356
Vertex Index: 357
Vertex Index: 358
Vertex Index: 359
Vertex Index: 360
Vertex Index: 358
Vertex Index: 360
Vertex Index: 361
Vertex Index: 362
Vertex Index: 363
Vertex Index: 364
Vertex Index: 365
Vertex Index: 303
Vertex Index: 302
Vertex Index: 365
Vertex Index: 302
Vertex Index: 366
Vertex Index: 367
Vertex Index: 368
Vertex Index: 369
Vertex Index: 367
Vertex Index: 369
Vertex Index: 370
Vertex Index: 371
Vertex Index: 372
Vertex Index: 373
Vertex Index: 371
Vertex Index: 373
Vertex Index: 374
Vertex Index: 375
Vertex Index: 376
Vertex Index: 377
Vertex Index: 375
Vertex Index: 377
Vertex Index: 378
Vertex Index: 379
Vertex Index: 380
Vertex Index: 381
Vertex Index: 381
Vertex Index: 380
Vertex Index: 382
Vertex Index: 381
Vertex Index: 382
Vertex Index: 383
Vertex Index: 384
Vertex Index: 385
Vertex Index: 386
Vertex Index: 384
Vertex Index: 386
Vertex Index: 387
Vertex Index: 387
Vertex Index: 386
Vertex Index: 388
Vertex Index: 387
Vertex Index: 388
Vertex Index: 374
Vertex Index: 374
Vertex Index: 388
Vertex Index: 389
Vertex Index: 374
Vertex Index: 389
Vertex Index: 371
Vertex Index: 371
Vertex Index: 389
Vertex Index: 385
Vertex Index: 371
Vertex Index: 385
Vertex Index: 384
Vertex Index: 390
Vertex Index: 391
Vertex Index: 392
Vertex Index: 390
Vertex Index: 392
Vertex Index: 393
Vertex Index: 394
Vertex Index: 395
Vertex Index: 396
Vertex Index: 394
Vertex Index: 396
Vertex Index: 397
Vertex Index: 398
Vertex Index: 399
Vertex Index: 400
Vertex Index: 398
Vertex Index: 400
Vertex Index: 401
Vertex Index: 402
Vertex Index: 403
Vertex Index: 404
Vertex Index: 402
Vertex Index: 404
Vertex Index: 405
Vertex Index: 306
Vertex Index: 305
Vertex Index: 365
Vertex Index: 406
Vertex Index: 407
Vertex Index: 408
Vertex Index: 406
Vertex Index: 408
Vertex Index: 409
Vertex Index: 292
Vertex Index: 312
Vertex Index: 293
Vertex Index: 410
Vertex Index: 411
Vertex Index: 412
Vertex Index: 410
Vertex Index: 412
Vertex Index: 413
Vertex Index: 413
Vertex Index: 412
Vertex Index: 414
Vertex Index: 413
Vertex Index: 414
Vertex Index: 415
Vertex Index: 416
Vertex Index: 417
Vertex Index: 418
Vertex Index: 416
Vertex Index: 418
Vertex Index: 419
Vertex Index: 419
Vertex Index: 418
Vertex Index: 411
Vertex Index: 419
Vertex Index: 411
Vertex Index: 410
Vertex Index: 420
Vertex Index: 421
Vertex Index: 422
Vertex Index: 420
Vertex Index: 422
Vertex Index: 423
Vertex Index: 424
Vertex Index: 425
Vertex Index: 426
Vertex Index: 424
Vertex Index: 426
Vertex Index: 427
Vertex Index: 428
Vertex Index: 429
Vertex Index: 430
Vertex Index: 428
Vertex Index: 430
Vertex Index: 431
Vertex Index: 432
Vertex Index: 433
Vertex Index: 434
Vertex Index: 432
Vertex Index: 434
Vertex Index: 435
Vertex Index: 436
Vertex Index: 437
Vertex Index: 438
Vertex Index: 436
Vertex Index: 438
Vertex Index: 439
Vertex Index: 439
Vertex Index: 438
Vertex Index: 440
Vertex Index: 439
Vertex Index: 440
Vertex Index: 441
Vertex Index: 441
Vertex Index: 440
Vertex Index: 442
Vertex Index: 441
Vertex Index: 442
Vertex Index: 443
Vertex Index: 443
Vertex Index: 442
Vertex Index: 444
Vertex Index: 443
Vertex Index: 444
Vertex Index: 445
Vertex Index: 446
Vertex Index: 447
Vertex Index: 448
Vertex Index: 446
Vertex Index: 448
Vertex Index: 449
Vertex Index: 450
Vertex Index: 451
Vertex Index: 452
Vertex Index: 450
Vertex Index: 452
Vertex Index: 453
Vertex Index: 454
Vertex Index: 455
Vertex Index: 456
Vertex Index: 454
Vertex Index: 456
Vertex Index: 457
Vertex Index: 458
Vertex Index: 459
Vertex Index: 460
Vertex Index: 458
Vertex Index: 460
Vertex Index: 461
Vertex Index: 462
Vertex Index: 463
Vertex Index: 313
Vertex Index: 462
Vertex Index: 313
Vertex Index: 316
Vertex Index: 301
Vertex Index: 303
Vertex Index: 464
Vertex Index: 306
Vertex Index: 365
Vertex Index: 465
Vertex Index: 466
Vertex Index: 467
Vertex Index: 468
Vertex Index: 466
Vertex Index: 468
Vertex Index: 469
Vertex Index: 470
Vertex Index: 471
Vertex Index: 472
Vertex Index: 328
Vertex Index: 473
Vertex Index: 321
Vertex Index: 251
Vertex Index: 254
Vertex Index: 474
Vertex Index: 249
Vertex Index: 248
Vertex Index: 475
Vertex Index: 476
Vertex Index: 477
Vertex Index: 350
Vertex Index: 476
Vertex Index: 350
Vertex Index: 349
FileName: space_frigate_6_color.png
Name: RootNode
Parent: -1
Children: 1
1 
Transform: 1.000000 0.000000 0.000000 0.000000 0.000000 1.000000 0.000000 0.000000 0.000000 0.000000 1.000000 0.000000 0.000000 0.000000 0.000000 1.000000
Bone Index: 0
Name: space_frigate_6_$AssimpFbx$_PreRotation
Parent: 0
Children: 1
2 
Transform: 1.000000 0.000000 0.000000 0.000000 0.000000 -0.000000 -1.000000 0.000000 0.000000 1.000000 -0.000000 0.000000 0.000000 0.000000 0.000000 1.000000
Bone Index: 1
Name: space_frigate_6_$AssimpFbx$_Scaling
Parent: 1
Children: 1
3 
Transform: 1.323542 0.000000 0.000000 0.000000 0.000000 1.323542 0.000000 0.000000 0.000000 0.000000 1.323542 0.000000 0.000000 0.000000 0.000000 1.000000
Bone Index: 2
Name: space_frigate_6
Parent: 2
Children: 0
Transform: 1.000000 0.000000 0.000000 0.000000 0.000000 1.000000 0.000000 0.000000 0.000000 0.000000 1.000000 0.000000 0.000000 0.000000 0.000000 1.000000
Bone Index: 3
